200.0
480.0
590.0
1080.0
230.0
380.0
700.0
780.0
530.0
700.0
500.0
690.0
580.0
1000.0
630.0
580.0
390.0
630.0
660.0
400.0
310.0
650.0
1860.0
590.0
790.0
830.0
330.0
300.0
510.0
900.0
400.0
480.0
680.0
460.0
870.0
560.0
480.0
480.0
210.0
480.0
470.0
1290.0
470.0
410.0
430.0
390.0
400.0
440.0
870.0
620.0
610.0
770.0
470.0
400.0
370.0
320.0
1120.0
300.0
1380.0
860.0
540.0
510.0
380.0
970.0
480.0
550.0
1060.0
460.0
680.0
1130.0
1120.0
620.0
600.0
700.0
730.0
400.0
410.0
600.0
840.0
520.0
240.0
410.0
480.0
600.0
380.0
440.0
1070.0
360.0
610.0
620.0
500.0
680.0
1130.0
600.0
450.0
400.0
780.0
320.0
620.0
1070.0
