1290.0
650.0
650.0
580.0
980.0
970.0
1250.0
1080.0
310.0
730.0
560.0
1470.0
460.0
440.0
890.0
380.0
690.0
290.0
1560.0
380.0
660.0
390.0
480.0
740.0
530.0
690.0
590.0
680.0
560.0
370.0
510.0
680.0
640.0
1050.0
540.0
770.0
410.0
810.0
380.0
530.0
480.0
360.0
540.0
570.0
310.0
580.0
780.0
670.0
1160.0
950.0
320.0
520.0
850.0
1450.0
1490.0
990.0
650.0
430.0
910.0
650.0
900.0
810.0
1210.0
450.0
440.0
670.0
1150.0
670.0
740.0
710.0
860.0
680.0
390.0
300.0
640.0
400.0
650.0
570.0
670.0
1120.0
680.0
1250.0
1230.0
370.0
1900.0
670.0
910.0
540.0
540.0
680.0
600.0
1180.0
600.0
500.0
910.0
670.0
480.0
500.0
470.0
530.0
