440.0
820.0
460.0
200.0
800.0
580.0
600.0
560.0
720.0
210.0
630.0
580.0
570.0
740.0
590.0
570.0
280.0
1000.0
680.0
690.0
1480.0
1840.0
600.0
470.0
710.0
290.0
640.0
580.0
640.0
710.0
560.0
520.0
190.0
600.0
1320.0
500.0
610.0
460.0
390.0
410.0
530.0
1820.0
1000.0
1600.0
550.0
650.0
460.0
300.0
1010.0
210.0
570.0
900.0
700.0
270.0
580.0
320.0
270.0
290.0
300.0
460.0
500.0
600.0
660.0
610.0
280.0
560.0
660.0
2260.0
1020.0
300.0
310.0
820.0
640.0
400.0
620.0
840.0
610.0
780.0
920.0
410.0
430.0
470.0
680.0
1110.0
410.0
300.0
230.0
780.0
520.0
780.0
430.0
660.0
410.0
540.0
610.0
470.0
1290.0
650.0
690.0
210.0
