350.0
2650.0
580.0
440.0
770.0
950.0
1980.0
440.0
670.0
550.0
320.0
480.0
730.0
580.0
430.0
930.0
750.0
240.0
1050.0
370.0
400.0
760.0
700.0
940.0
980.0
760.0
590.0
790.0
460.0
660.0
480.0
920.0
740.0
820.0
580.0
720.0
1030.0
1120.0
460.0
410.0
490.0
720.0
430.0
1140.0
490.0
290.0
310.0
530.0
510.0
380.0
830.0
440.0
660.0
760.0
780.0
410.0
690.0
370.0
520.0
460.0
1320.0
760.0
570.0
470.0
1780.0
1420.0
670.0
400.0
630.0
470.0
620.0
780.0
360.0
580.0
1310.0
650.0
870.0
650.0
840.0
390.0
380.0
680.0
580.0
560.0
640.0
910.0
480.0
380.0
430.0
390.0
470.0
750.0
780.0
660.0
670.0
640.0
850.0
460.0
790.0
550.0
