300.0
660.0
310.0
210.0
1090.0
380.0
600.0
630.0
620.0
430.0
270.0
900.0
610.0
580.0
630.0
1000.0
470.0
580.0
600.0
620.0
490.0
1110.0
740.0
770.0
300.0
310.0
640.0
560.0
370.0
490.0
660.0
740.0
230.0
340.0
190.0
600.0
240.0
610.0
570.0
460.0
410.0
590.0
710.0
520.0
360.0
390.0
390.0
690.0
390.0
1000.0
620.0
480.0
390.0
400.0
300.0
500.0
300.0
620.0
330.0
690.0
980.0
740.0
560.0
500.0
190.0
410.0
1020.0
740.0
610.0
810.0
710.0
360.0
200.0
490.0
480.0
700.0
540.0
860.0
820.0
490.0
1170.0
350.0
410.0
360.0
390.0
480.0
420.0
490.0
410.0
410.0
600.0
380.0
570.0
560.0
600.0
480.0
1110.0
680.0
640.0
390.0
