810.0
830.0
290.0
800.0
770.0
740.0
220.0
680.0
1010.0
580.0
480.0
580.0
380.0
470.0
510.0
660.0
1150.0
320.0
780.0
770.0
300.0
1120.0
360.0
620.0
1000.0
450.0
580.0
420.0
240.0
200.0
510.0
260.0
580.0
310.0
440.0
610.0
680.0
420.0
680.0
680.0
420.0
1020.0
360.0
890.0
1760.0
1010.0
360.0
1020.0
1090.0
990.0
290.0
420.0
900.0
770.0
410.0
1090.0
210.0
810.0
400.0
890.0
690.0
400.0
970.0
490.0
970.0
670.0
380.0
390.0
440.0
230.0
210.0
1170.0
320.0
460.0
810.0
490.0
650.0
560.0
290.0
810.0
480.0
630.0
560.0
1880.0
550.0
830.0
280.0
560.0
900.0
600.0
760.0
300.0
1210.0
680.0
620.0
670.0
790.0
890.0
240.0
680.0
