1820.0
1260.0
500.0
650.0
960.0
630.0
2270.0
350.0
470.0
420.0
900.0
1000.0
690.0
980.0
740.0
770.0
360.0
380.0
400.0
1060.0
740.0
680.0
390.0
380.0
730.0
750.0
460.0
500.0
370.0
490.0
330.0
1150.0
370.0
450.0
980.0
420.0
1630.0
390.0
430.0
690.0
960.0
510.0
920.0
590.0
790.0
330.0
580.0
1300.0
810.0
580.0
380.0
460.0
850.0
1100.0
1150.0
420.0
680.0
520.0
690.0
1240.0
980.0
610.0
650.0
910.0
290.0
2550.0
620.0
1100.0
380.0
830.0
510.0
690.0
400.0
750.0
580.0
660.0
670.0
1090.0
890.0
450.0
690.0
910.0
740.0
820.0
560.0
400.0
430.0
620.0
590.0
830.0
1090.0
1190.0
690.0
770.0
610.0
760.0
1700.0
1270.0
380.0
280.0
