790.0
800.0
580.0
350.0
440.0
750.0
510.0
770.0
530.0
370.0
1080.0
470.0
740.0
1060.0
510.0
590.0
900.0
840.0
830.0
760.0
390.0
420.0
1040.0
1020.0
920.0
460.0
320.0
470.0
580.0
720.0
880.0
600.0
610.0
530.0
890.0
710.0
510.0
630.0
870.0
490.0
710.0
490.0
620.0
680.0
1040.0
590.0
700.0
920.0
630.0
800.0
1690.0
790.0
580.0
440.0
560.0
1220.0
470.0
1200.0
470.0
560.0
390.0
780.0
280.0
590.0
690.0
670.0
1110.0
400.0
1230.0
740.0
890.0
440.0
420.0
240.0
830.0
330.0
380.0
680.0
820.0
1170.0
400.0
900.0
710.0
330.0
670.0
490.0
560.0
600.0
600.0
610.0
670.0
3620.0
780.0
340.0
680.0
400.0
670.0
500.0
380.0
560.0
